    0.00500   0.43825
    0.01000   2.53895
    0.01500   4.24188
    0.02000   4.71704
    0.02500   4.30316
    0.03000   3.60101
    0.03500   2.93400
    0.04000   2.39424
    0.04500   1.98119
    0.05000   1.67088
    0.05500   1.43871
    0.06000   1.26494
    0.06500   1.13497
    0.07000   1.03775
    0.07500   0.96499
    0.08000   0.91129
    0.08500   0.87225
    0.09000   0.84439
    0.09500   0.82517
    0.10000   0.81253
    0.10500   0.80495
    0.11000   0.80117
    0.11500   0.80018
    0.12000   0.80119
    0.12500   0.80355
    0.13000   0.80673
    0.13500   0.81032
    0.14000   0.81397
    0.14500   0.81738
    0.15000   0.82032
