    0.00500   0.18123
    0.01000   1.03926
    0.01500   1.70817
    0.02000   1.87123
    0.02500   1.70273
    0.03000   1.45581
    0.03500   1.25071
    0.04000   1.11084
    0.04500   1.02541
    0.05000   0.97763
    0.05500   0.95391
    0.06000   0.94446
    0.06500   0.94263
    0.07000   0.94450
    0.07500   0.94803
    0.08000   0.95203
    0.08500   0.95585
    0.09000   0.95935
    0.09500   0.96258
    0.10000   0.96511
    0.10500   0.96743
    0.11000   0.96950
    0.11500   0.97122
    0.12000   0.97278
    0.12500   0.97419
    0.13000   0.97551
    0.13500   0.97658
    0.14000   0.97752
    0.14500   0.97838
    0.15000   0.97890
