    0.00500   0.21734
    0.01000   1.25021
    0.01500   2.06492
    0.02000   2.26950
    0.02500   2.05901
    0.03000   1.73703
    0.03500   1.45552
    0.04000   1.25009
    0.04500   1.11272
    0.05000   1.02622
    0.05500   0.97490
    0.06000   0.94677
    0.06500   0.93330
    0.07000   0.92873
    0.07500   0.92933
    0.08000   0.93235
    0.08500   0.93664
    0.09000   0.94113
    0.09500   0.94539
    0.10000   0.94930
    0.10500   0.95283
    0.11000   0.95598
    0.11500   0.95861
    0.12000   0.96076
    0.12500   0.96271
    0.13000   0.96434
    0.13500   0.96570
    0.14000   0.96685
    0.14500   0.96789
    0.15000   0.96868
