    0.00500   0.15596
    0.01000   0.89158
    0.01500   1.45855
    0.02000   1.59484
    0.02500   1.46110
    0.03000   1.27310
    0.03500   1.12637
    0.04000   1.03451
    0.04500   0.98454
    0.05000   0.96104
    0.05500   0.95257
    0.06000   0.95138
    0.06500   0.95363
    0.07000   0.95697
    0.07500   0.96054
    0.08000   0.96393
    0.08500   0.96675
    0.09000   0.96929
    0.09500   0.97175
    0.10000   0.97364
    0.10500   0.97545
    0.11000   0.97708
    0.11500   0.97862
    0.12000   0.97995
    0.12500   0.98111
    0.13000   0.98198
    0.13500   0.98288
    0.14000   0.98367
    0.14500   0.98412
    0.15000   0.98471
