    0.00500   0.20697
    0.01000   1.18964
    0.01500   1.96249
    0.02000   2.15491
    0.02500   1.95584
    0.03000   1.65456
    0.03500   1.39424
    0.04000   1.20718
    0.04500   1.08461
    0.05000   1.00949
    0.05500   0.96654
    0.06000   0.94429
    0.06500   0.93475
    0.07000   0.93271
    0.07500   0.93449
    0.08000   0.93810
    0.08500   0.94243
    0.09000   0.94679
    0.09500   0.95073
    0.10000   0.95430
    0.10500   0.95759
    0.11000   0.96020
    0.11500   0.96246
    0.12000   0.96449
    0.12500   0.96627
    0.13000   0.96769
    0.13500   0.96905
    0.14000   0.97015
    0.14500   0.97106
    0.15000   0.97192
