    0.00500   0.37859
    0.01000   2.19106
    0.01500   3.65451
    0.02000   4.05578
    0.02500   3.69339
    0.03000   3.08817
    0.03500   2.51844
    0.04000   2.06217
    0.04500   1.71770
    0.05000   1.46339
    0.05500   1.27786
    0.06000   1.14265
    0.06500   1.04470
    0.07000   0.97479
    0.07500   0.92568
    0.08000   0.89201
    0.08500   0.86987
    0.09000   0.85625
    0.09500   0.84889
    0.10000   0.84605
    0.10500   0.84635
    0.11000   0.84881
    0.11500   0.85263
    0.12000   0.85720
    0.12500   0.86208
    0.13000   0.86711
    0.13500   0.87168
    0.14000   0.87574
    0.14500   0.87932
    0.15000   0.88222
