    0.00500   0.40742
    0.01000   2.35918
    0.01500   3.93833
    0.02000   4.37520
    0.02500   3.98772
    0.03000   3.33538
    0.03500   2.71831
    0.04000   2.22135
    0.04500   1.84341
    0.05000   1.56175
    0.05500   1.35319
    0.06000   1.19929
    0.06500   1.08587
    0.07000   1.00249
    0.07500   0.94203
    0.08000   0.89892
    0.08500   0.86890
    0.09000   0.84874
    0.09500   0.83603
    0.10000   0.82896
    0.10500   0.82596
    0.11000   0.82585
    0.11500   0.82779
    0.12000   0.83108
    0.12500   0.83516
    0.13000   0.83958
    0.13500   0.84402
    0.14000   0.84823
    0.14500   0.85210
    0.15000   0.85517
