    0.00500   0.25571
    0.01000   1.47421
    0.01500   2.44360
    0.02000   2.69408
    0.02500   2.44417
    0.03000   2.04965
    0.03500   1.69385
    0.04000   1.42358
    0.04500   1.23311
    0.05000   1.10454
    0.05500   1.02080
    0.06000   0.96845
    0.06500   0.93756
    0.07000   0.92104
    0.07500   0.91385
    0.08000   0.91248
    0.08500   0.91470
    0.09000   0.91860
    0.09500   0.92325
    0.10000   0.92818
    0.10500   0.93285
    0.11000   0.93716
    0.11500   0.94091
    0.12000   0.94421
    0.12500   0.94714
    0.13000   0.94976
    0.13500   0.95168
    0.14000   0.95341
    0.14500   0.95478
    0.15000   0.95580
