    0.00500   0.15090
    0.01000   0.86202
    0.01500   1.40862
    0.02000   1.53996
    0.02500   1.41404
    0.03000   1.23874
    0.03500   1.10428
    0.04000   1.02207
    0.04500   0.97884
    0.05000   0.95955
    0.05500   0.95344
    0.06000   0.95336
    0.06500   0.95605
    0.07000   0.95941
    0.07500   0.96284
    0.08000   0.96612
    0.08500   0.96867
    0.09000   0.97113
    0.09500   0.97327
    0.10000   0.97519
    0.10500   0.97691
    0.11000   0.97858
    0.11500   0.98009
    0.12000   0.98124
    0.12500   0.98218
    0.13000   0.98320
    0.13500   0.98406
    0.14000   0.98461
    0.14500   0.98521
    0.15000   0.98571
