    0.00500   0.27128
    0.01000   1.56506
    0.01500   2.59714
    0.02000   2.86655
    0.02500   2.60167
    0.03000   2.17902
    0.03500   1.79443
    0.04000   1.49899
    0.04500   1.28769
    0.05000   1.14230
    0.05500   1.04519
    0.06000   0.98241
    0.06500   0.94357
    0.07000   0.92117
    0.07500   0.90981
    0.08000   0.90562
    0.08500   0.90595
    0.09000   0.90910
    0.09500   0.91342
    0.10000   0.91830
    0.10500   0.92328
    0.11000   0.92798
    0.11500   0.93232
    0.12000   0.93614
    0.12500   0.93943
    0.13000   0.94229
    0.13500   0.94469
    0.14000   0.94687
    0.14500   0.94832
    0.15000   0.94965
