    0.00500   0.28846
    0.01000   1.66535
    0.01500   2.76662
    0.02000   3.05699
    0.02500   2.77570
    0.03000   2.32268
    0.03500   1.90754
    0.04000   1.58518
    0.04500   1.35128
    0.05000   1.18753
    0.05500   1.07565
    0.06000   1.00111
    0.06500   0.95311
    0.07000   0.92368
    0.07500   0.90710
    0.08000   0.89929
    0.08500   0.89714
    0.09000   0.89860
    0.09500   0.90220
    0.10000   0.90682
    0.10500   0.91188
    0.11000   0.91695
    0.11500   0.92175
    0.12000   0.92605
    0.12500   0.92987
    0.13000   0.93330
    0.13500   0.93603
    0.14000   0.93838
    0.14500   0.94035
    0.15000   0.94171
