    0.00500   0.35266
    0.01000   2.03984
    0.01500   3.39915
    0.02000   3.76842
    0.02500   3.42893
    0.03000   2.86672
    0.03500   2.34053
    0.04000   1.92163
    0.04500   1.60780
    0.05000   1.37862
    0.05500   1.21332
    0.06000   1.09524
    0.06500   1.01187
    0.07000   0.95400
    0.07500   0.91493
    0.08000   0.88948
    0.08500   0.87403
    0.09000   0.86578
    0.09500   0.86262
    0.10000   0.86297
    0.10500   0.86548
    0.11000   0.86957
    0.11500   0.87436
    0.12000   0.87961
    0.12500   0.88462
    0.13000   0.88928
    0.13500   0.89357
    0.14000   0.89731
    0.14500   0.90042
    0.15000   0.90305
