    0.00500   0.32941
    0.01000   1.90423
    0.01500   3.17010
    0.02000   3.51064
    0.02500   3.19179
    0.03000   2.66846
    0.03500   2.18145
    0.04000   1.79546
    0.04500   1.51035
    0.05000   1.30479
    0.05500   1.15883
    0.06000   1.05669
    0.06500   0.98639
    0.07000   0.93928
    0.07500   0.90887
    0.08000   0.89048
    0.08500   0.88053
    0.09000   0.87652
    0.09500   0.87651
    0.10000   0.87912
    0.10500   0.88312
    0.11000   0.88810
    0.11500   0.89325
    0.12000   0.89831
    0.12500   0.90309
    0.13000   0.90744
    0.13500   0.91126
    0.14000   0.91445
    0.14500   0.91729
    0.15000   0.91933
