    0.00500   0.16755
    0.01000   0.95933
    0.01500   1.57303
    0.02000   1.72125
    0.02500   1.57082
    0.03000   1.35497
    0.03500   1.18094
    0.04000   1.06696
    0.04500   1.00082
    0.05000   0.96671
    0.05500   0.95182
    0.06000   0.94755
    0.06500   0.94833
    0.07000   0.95132
    0.07500   0.95500
    0.08000   0.95870
    0.08500   0.96214
    0.09000   0.96519
    0.09500   0.96762
    0.10000   0.97000
    0.10500   0.97199
    0.11000   0.97372
    0.11500   0.97534
    0.12000   0.97669
    0.12500   0.97803
    0.13000   0.97919
    0.13500   0.98027
    0.14000   0.98095
    0.14500   0.98171
    0.15000   0.98236
