    0.00500   0.17410
    0.01000   0.99763
    0.01500   1.63777
    0.02000   1.79301
    0.02500   1.63373
    0.03000   1.40278
    0.03500   1.21371
    0.04000   1.08728
    0.04500   1.01180
    0.05000   0.97131
    0.05500   0.95238
    0.06000   0.94580
    0.06500   0.94552
    0.07000   0.94809
    0.07500   0.95174
    0.08000   0.95555
    0.08500   0.95916
    0.09000   0.96253
    0.09500   0.96521
    0.10000   0.96770
    0.10500   0.96990
    0.11000   0.97176
    0.11500   0.97341
    0.12000   0.97490
    0.12500   0.97628
    0.13000   0.97742
    0.13500   0.97849
    0.14000   0.97946
    0.14500   0.98010
    0.15000   0.98073
