    0.00500   0.19757
    0.01000   1.13470
    0.01500   1.86958
    0.02000   2.05116
    0.02500   1.86289
    0.03000   1.58095
    0.03500   1.34034
    0.04000   1.17025
    0.04500   1.06112
    0.05000   0.99620
    0.05500   0.96058
    0.06000   0.94337
    0.06500   0.93712
    0.07000   0.93684
    0.07500   0.93938
    0.08000   0.94332
    0.08500   0.94756
    0.09000   0.95163
    0.09500   0.95537
    0.10000   0.95870
    0.10500   0.96140
    0.11000   0.96374
    0.11500   0.96586
    0.12000   0.96766
    0.12500   0.96928
    0.13000   0.97069
    0.13500   0.97191
    0.14000   0.97294
    0.14500   0.97394
    0.15000   0.97464
