    0.00500   0.16150
    0.01000   0.92396
    0.01500   1.51326
    0.02000   1.65516
    0.02500   1.51325
    0.03000   1.31174
    0.03500   1.15184
    0.04000   1.04939
    0.04500   0.99187
    0.05000   0.96344
    0.05500   0.95210
    0.06000   0.94955
    0.06500   0.95105
    0.07000   0.95431
    0.07500   0.95797
    0.08000   0.96149
    0.08500   0.96536
    0.09000   0.96734
    0.09500   0.96978
    0.10000   0.97194
    0.10500   0.97382
    0.11000   0.97555
    0.11500   0.97704
    0.12000   0.97850
    0.12500   0.97966
    0.13000   0.98081
    0.13500   0.98160
    0.14000   0.98240
    0.14500   0.98315
    0.15000   0.98353
