    0.00500   0.18901
    0.01000   1.08475
    0.01500   1.78510
    0.02000   1.95688
    0.02500   1.77873
    0.03000   1.51485
    0.03500   1.29262
    0.04000   1.13823
    0.04500   1.04156
    0.05000   0.98581
    0.05500   0.95659
    0.06000   0.94353
    0.06500   0.93980
    0.07000   0.94078
    0.07500   0.94390
    0.08000   0.94793
    0.08500   0.95201
    0.09000   0.95581
    0.09500   0.95916
    0.10000   0.96225
    0.10500   0.96458
    0.11000   0.96681
    0.11500   0.96872
    0.12000   0.97039
    0.12500   0.97190
    0.13000   0.97320
    0.13500   0.97443
    0.14000   0.97543
    0.14500   0.97625
    0.15000   0.97695
