    0.00500   0.30787
    0.01000   1.77857
    0.01500   2.95785
    0.02000   3.27195
    0.02500   2.97268
    0.03000   2.48357
    0.03500   2.03424
    0.04000   1.68228
    0.04500   1.42519
    0.05000   1.24153
    0.05500   1.11335
    0.06000   1.02568
    0.06500   0.96715
    0.07000   0.92951
    0.07500   0.90656
    0.08000   0.89403
    0.08500   0.88853
    0.09000   0.88773
    0.09500   0.88974
    0.10000   0.89357
    0.10500   0.89865
    0.11000   0.90384
    0.11500   0.90885
    0.12000   0.91364
    0.12500   0.91801
    0.13000   0.92180
    0.13500   0.92509
    0.14000   0.92784
    0.14500   0.93000
    0.15000   0.93164
