    0.00500   0.24165
    0.01000   1.39217
    0.01500   2.30492
    0.02000   2.53845
    0.02500   2.30257
    0.03000   1.93401
    0.03500   1.60480
    0.04000   1.35779
    0.04500   1.18648
    0.05000   1.07326
    0.05500   1.00155
    0.06000   0.95838
    0.06500   0.93431
    0.07000   0.92265
    0.07500   0.91874
    0.08000   0.91956
    0.08500   0.92282
    0.09000   0.92707
    0.09500   0.93189
    0.10000   0.93652
    0.10500   0.94085
    0.11000   0.94468
    0.11500   0.94804
    0.12000   0.95093
    0.12500   0.95348
    0.13000   0.95547
    0.13500   0.95727
    0.14000   0.95867
    0.14500   0.95984
    0.15000   0.96076
