    0.00500   0.22887
    0.01000   1.31753
    0.01500   2.17874
    0.02000   2.39699
    0.02500   2.17425
    0.03000   1.82988
    0.03500   1.52545
    0.04000   1.30006
    0.04500   1.14648
    0.05000   1.04729
    0.05500   0.98638
    0.06000   0.95131
    0.06500   0.93306
    0.07000   0.92532
    0.07500   0.92404
    0.08000   0.92623
    0.08500   0.93008
    0.09000   0.93461
    0.09500   0.93919
    0.10000   0.94356
    0.10500   0.94743
    0.11000   0.95091
    0.11500   0.95400
    0.12000   0.95633
    0.12500   0.95856
    0.13000   0.96035
    0.13500   0.96191
    0.14000   0.96305
    0.14500   0.96409
    0.15000   0.96498
